# relative_time, cycles_done, cur_item, corpus_count, pending_total, pending_favs, map_size, saved_crashes, saved_hangs, max_depth, execs_per_sec, total_execs, edges_found
62, 49, 0, 3, 0, 0, 20.00%, 3, 0, 2, 1493.75, 79103, 4
67, 54, 0, 3, 0, 0, 20.00%, 3, 0, 2, 1478.45, 86762, 4
72, 60, 0, 3, 0, 0, 20.00%, 3, 0, 2, 1599.29, 94563, 4
77, 65, 0, 3, 0, 0, 20.00%, 3, 0, 2, 1439.83, 101875, 4
82, 70, 1, 3, 0, 0, 20.00%, 3, 0, 2, 1695.21, 110390, 4
87, 77, 0, 3, 0, 0, 20.00%, 3, 0, 2, 1592.21, 118497, 4
93, 81, 0, 3, 0, 0, 20.00%, 3, 0, 2, 1362.11, 125153, 4
98, 86, 0, 3, 0, 0, 20.00%, 3, 0, 2, 1369.29, 131554, 4
103, 90, 0, 3, 0, 0, 20.00%, 3, 0, 2, 1484.01, 139094, 4
108, 95, 0, 3, 0, 0, 20.00%, 3, 0, 2, 1447.56, 146445, 4
113, 100, 0, 3, 0, 0, 20.00%, 3, 0, 2, 1430.92, 153440, 4
118, 105, 0, 3, 0, 0, 20.00%, 3, 0, 2, 1482.76, 160501, 4
123, 110, 0, 3, 0, 0, 20.00%, 3, 0, 2, 1472.71, 168191, 4
128, 114, 0, 3, 0, 0, 20.00%, 3, 0, 2, 1460.75, 175030, 4
133, 120, 0, 3, 0, 0, 20.00%, 3, 0, 2, 1365.77, 181769, 4
138, 126, 1, 3, 0, 0, 20.00%, 3, 0, 2, 1570.84, 190148, 4
143, 131, 0, 3, 0, 0, 20.00%, 3, 0, 2, 1407.27, 196952, 4
149, 135, 0, 3, 0, 0, 20.00%, 3, 0, 2, 1396.17, 204302, 4
154, 140, 0, 3, 0, 0, 20.00%, 3, 0, 2, 1306.60, 211074, 4
159, 144, 0, 3, 0, 0, 20.00%, 3, 0, 2, 1446.83, 218360, 4
164, 148, 0, 3, 0, 0, 20.00%, 3, 0, 2, 1438.60, 225401, 4
169, 152, 0, 3, 0, 0, 20.00%, 3, 0, 2, 1383.56, 232021, 4
174, 158, 0, 3, 0, 0, 20.00%, 3, 0, 2, 1722.64, 241004, 4
179, 163, 0, 3, 0, 0, 20.00%, 3, 0, 2, 1351.89, 247130, 4
184, 167, 0, 3, 0, 0, 20.00%, 3, 0, 2, 1372.56, 254288, 4
189, 171, 0, 3, 0, 0, 20.00%, 3, 0, 2, 1286.72, 261047, 4
194, 175, 0, 3, 0, 0, 20.00%, 3, 0, 2, 1246.97, 267176, 4
199, 178, 0, 3, 0, 0, 20.00%, 3, 0, 2, 1107.49, 272314, 4
204, 185, 0, 3, 0, 0, 20.00%, 3, 0, 2, 1758.93, 281997, 4
209, 189, 0, 3, 0, 0, 20.00%, 3, 0, 2, 1357.53, 288209, 4
215, 193, 1, 3, 0, 0, 20.00%, 3, 0, 2, 1273.59, 294316, 4
220, 198, 0, 3, 0, 0, 20.00%, 3, 0, 2, 1368.79, 302222, 4
225, 202, 0, 3, 0, 0, 20.00%, 3, 0, 2, 1218.02, 308999, 4
230, 207, 0, 3, 0, 0, 20.00%, 3, 0, 2, 1266.59, 316275, 4
235, 212, 0, 3, 0, 0, 20.00%, 3, 0, 2, 1299.34, 323184, 4
240, 218, 0, 3, 0, 0, 20.00%, 3, 0, 2, 1680.53, 332533, 4
246, 222, 0, 3, 0, 0, 20.00%, 3, 0, 2, 1471.14, 339219, 4
251, 228, 2, 3, 0, 0, 20.00%, 3, 0, 2, 1541.21, 347044, 4
256, 231, 0, 3, 0, 0, 20.00%, 3, 0, 2, 1313.52, 353149, 4
261, 235, 0, 3, 0, 0, 20.00%, 3, 0, 2, 1320.81, 359529, 4
266, 241, 0, 3, 0, 0, 20.00%, 3, 0, 2, 1471.51, 367535, 4
271, 246, 0, 3, 0, 0, 20.00%, 3, 0, 2, 1500.80, 375224, 4
276, 251, 0, 3, 0, 0, 20.00%, 3, 0, 2, 1476.01, 383213, 4
281, 257, 0, 3, 0, 0, 20.00%, 3, 0, 2, 1525.81, 390626, 4
286, 263, 0, 3, 0, 0, 20.00%, 3, 0, 2, 1556.83, 398285, 4
291, 268, 0, 3, 0, 0, 20.00%, 3, 0, 2, 1338.40, 405293, 4
296, 270, 0, 3, 0, 0, 20.00%, 3, 0, 2, 1127.23, 410855, 4
302, 275, 0, 3, 0, 0, 20.00%, 3, 0, 2, 1420.64, 418334, 4
307, 278, 0, 3, 0, 0, 20.00%, 3, 0, 2, 1205.76, 424351, 4
312, 282, 1, 3, 0, 0, 20.00%, 3, 0, 2, 1312.72, 430824, 4
317, 287, 0, 3, 0, 0, 20.00%, 3, 0, 2, 1340.36, 437710, 4
322, 292, 0, 3, 0, 0, 20.00%, 3, 0, 2, 1393.90, 444464, 4
327, 297, 0, 3, 0, 0, 20.00%, 3, 0, 2, 1417.13, 451685, 4
332, 301, 1, 3, 0, 0, 20.00%, 3, 0, 2, 1105.35, 456895, 4
337, 306, 0, 3, 0, 0, 20.00%, 3, 0, 2, 1434.64, 464724, 4
342, 311, 0, 3, 0, 0, 20.00%, 3, 0, 2, 1516.79, 472037, 4
347, 315, 0, 3, 0, 0, 20.00%, 3, 0, 2, 1333.60, 478946, 4
353, 318, 0, 3, 0, 0, 20.00%, 3, 0, 2, 1214.05, 485000, 4
358, 322, 0, 3, 0, 0, 20.00%, 3, 0, 2, 1231.86, 491096, 4
363, 326, 1, 3, 0, 0, 20.00%, 3, 0, 2, 1173.81, 496995, 4
368, 331, 2, 3, 0, 0, 20.00%, 3, 0, 2, 1404.81, 504643, 4
373, 336, 0, 3, 0, 0, 20.00%, 3, 0, 2, 1346.37, 510744, 4
378, 340, 0, 3, 0, 0, 20.00%, 3, 0, 2, 1307.83, 517278, 4
383, 346, 0, 3, 0, 0, 20.00%, 3, 0, 2, 1440.35, 525071, 4
388, 352, 0, 3, 0, 0, 20.00%, 3, 0, 2, 1601.05, 532670, 4
394, 357, 0, 3, 0, 0, 20.00%, 3, 0, 2, 1592.87, 540758, 4
399, 362, 0, 3, 0, 0, 20.00%, 3, 0, 2, 1591.77, 548805, 4
404, 366, 0, 3, 0, 0, 20.00%, 3, 0, 2, 1547.05, 556160, 4
409, 371, 0, 3, 0, 0, 20.00%, 3, 0, 2, 1429.37, 563065, 4
414, 376, 0, 3, 0, 0, 20.00%, 3, 0, 2, 1438.52, 570519, 4
419, 381, 0, 3, 0, 0, 20.00%, 3, 0, 2, 1415.81, 577865, 4
424, 386, 0, 3, 0, 0, 20.00%, 3, 0, 2, 1503.58, 586133, 4
429, 394, 0, 3, 0, 0, 20.00%, 3, 0, 2, 1623.50, 594955, 4
434, 398, 0, 3, 0, 0, 20.00%, 3, 0, 2, 1363.59, 601295, 4
440, 403, 0, 3, 0, 0, 20.00%, 3, 0, 2, 1554.20, 609818, 4
445, 410, 0, 3, 0, 0, 20.00%, 3, 0, 2, 1566.24, 617970, 4
450, 414, 0, 3, 0, 0, 20.00%, 3, 0, 2, 1273.06, 624510, 4
455, 419, 0, 3, 0, 0, 20.00%, 3, 0, 2, 1428.79, 631940, 4
460, 423, 0, 3, 0, 0, 20.00%, 3, 0, 2, 1417.76, 639119, 4
465, 428, 0, 3, 0, 0, 20.00%, 3, 0, 2, 1429.23, 646082, 4
470, 431, 0, 3, 0, 0, 20.00%, 3, 0, 2, 1333.34, 652562, 4
475, 437, 0, 3, 0, 0, 20.00%, 3, 0, 2, 1563.05, 661093, 4
480, 441, 0, 3, 0, 0, 20.00%, 3, 0, 2, 1367.53, 667844, 4
486, 446, 0, 3, 0, 0, 20.00%, 3, 0, 2, 1435.24, 675289, 4
491, 450, 0, 3, 0, 0, 20.00%, 3, 0, 2, 1438.22, 682165, 4
496, 456, 0, 3, 0, 0, 20.00%, 3, 0, 2, 1392.73, 689201, 4
501, 461, 0, 3, 0, 0, 20.00%, 3, 0, 2, 1603.79, 697308, 4
506, 465, 0, 3, 0, 0, 20.00%, 3, 0, 2, 1466.62, 704759, 4
511, 469, 1, 3, 0, 0, 20.00%, 3, 0, 2, 1343.08, 711533, 4
516, 472, 0, 3, 0, 0, 20.00%, 3, 0, 2, 1095.82, 716540, 4
521, 476, 0, 3, 0, 0, 20.00%, 3, 0, 2, 1234.35, 723008, 4
527, 480, 0, 3, 0, 0, 20.00%, 3, 0, 2, 1212.96, 729432, 4
532, 485, 0, 3, 0, 0, 20.00%, 3, 0, 2, 1405.62, 736468, 4
537, 488, 0, 3, 0, 0, 20.00%, 3, 0, 2, 1051.09, 741104, 4
542, 492, 1, 3, 0, 0, 20.00%, 3, 0, 2, 1239.21, 747304, 4
547, 498, 0, 3, 0, 0, 20.00%, 3, 0, 2, 1488.31, 755384, 4
552, 503, 0, 3, 0, 0, 20.00%, 3, 0, 2, 1358.60, 761949, 4
557, 508, 0, 3, 0, 0, 20.00%, 3, 0, 2, 1351.08, 769319, 4
562, 513, 0, 3, 0, 0, 20.00%, 3, 0, 2, 1366.55, 776434, 4
568, 518, 0, 3, 0, 0, 20.00%, 3, 0, 2, 1215.56, 783036, 4
573, 524, 0, 3, 0, 0, 20.00%, 3, 0, 2, 1495.02, 790874, 4
578, 529, 0, 3, 0, 0, 20.00%, 3, 0, 2, 1342.12, 797366, 4
583, 533, 0, 3, 0, 0, 20.00%, 3, 0, 2, 1264.99, 803892, 4
588, 537, 0, 3, 0, 0, 20.00%, 3, 0, 2, 1260.58, 810089, 4
593, 541, 0, 3, 0, 0, 20.00%, 3, 0, 2, 1148.84, 816107, 4
598, 545, 0, 3, 0, 0, 20.00%, 3, 0, 2, 1299.38, 822937, 4
604, 548, 0, 3, 0, 0, 20.00%, 3, 0, 2, 866.76, 827328, 4
609, 551, 0, 3, 0, 0, 20.00%, 3, 0, 2, 739.21, 830930, 4
614, 553, 0, 3, 0, 0, 20.00%, 3, 0, 2, 749.20, 834713, 4
619, 555, 0, 3, 0, 0, 20.00%, 3, 0, 2, 615.21, 837803, 4
624, 558, 0, 3, 0, 0, 20.00%, 4, 0, 2, 719.51, 841639, 4
629, 561, 0, 3, 0, 0, 20.00%, 4, 0, 2, 839.13, 846021, 4
634, 564, 0, 3, 0, 0, 20.00%, 4, 0, 2, 740.98, 849740, 4
640, 566, 0, 3, 0, 0, 20.00%, 4, 0, 2, 750.38, 853779, 4
645, 569, 0, 3, 0, 0, 20.00%, 4, 0, 2, 699.44, 857369, 4
650, 571, 0, 3, 0, 0, 20.00%, 4, 0, 2, 735.47, 861252, 4
655, 574, 0, 3, 0, 0, 20.00%, 4, 0, 2, 742.07, 865161, 4
660, 576, 0, 3, 0, 0, 20.00%, 4, 0, 2, 738.05, 869079, 4
666, 579, 0, 3, 0, 0, 20.00%, 4, 0, 2, 710.28, 872715, 4
671, 581, 0, 3, 0, 0, 20.00%, 4, 0, 2, 735.27, 876472, 4
676, 584, 0, 3, 0, 0, 20.00%, 4, 0, 2, 684.99, 880050, 4
681, 586, 0, 3, 0, 0, 20.00%, 4, 0, 2, 741.70, 883863, 4
686, 589, 0, 3, 0, 0, 20.00%, 4, 0, 2, 717.27, 887627, 4
691, 591, 0, 3, 0, 0, 20.00%, 4, 0, 2, 768.72, 891543, 4
696, 593, 0, 3, 0, 0, 20.00%, 4, 0, 2, 749.43, 895125, 4
701, 595, 0, 3, 0, 0, 20.00%, 4, 0, 2, 708.43, 898893, 4
707, 598, 0, 3, 0, 0, 20.00%, 4, 0, 2, 738.49, 902482, 4
712, 600, 0, 3, 0, 0, 20.00%, 4, 0, 2, 696.01, 906123, 4
717, 603, 0, 3, 0, 0, 20.00%, 4, 0, 2, 717.15, 909885, 4
722, 605, 0, 3, 0, 0, 20.00%, 4, 0, 2, 688.41, 913419, 4
727, 608, 0, 3, 0, 0, 20.00%, 4, 0, 2, 726.19, 917283, 4
732, 610, 0, 3, 0, 0, 20.00%, 4, 0, 2, 775.64, 921104, 4
737, 613, 0, 3, 0, 0, 20.00%, 4, 0, 2, 791.19, 925227, 4
743, 615, 0, 3, 0, 0, 20.00%, 4, 0, 2, 826.80, 929369, 4
748, 618, 0, 3, 0, 0, 20.00%, 4, 0, 2, 783.22, 933291, 4
753, 620, 0, 3, 0, 0, 20.00%, 4, 0, 2, 751.55, 936924, 4
758, 622, 0, 3, 0, 0, 20.00%, 4, 0, 2, 740.69, 940698, 4
763, 625, 0, 3, 0, 0, 20.00%, 4, 0, 2, 784.74, 944688, 4
768, 629, 0, 3, 0, 0, 20.00%, 4, 0, 2, 861.51, 949270, 4
773, 631, 0, 3, 0, 0, 20.00%, 4, 0, 2, 707.83, 952578, 4
778, 634, 0, 3, 0, 0, 20.00%, 4, 0, 2, 760.61, 956640, 4
783, 637, 0, 3, 0, 0, 20.00%, 4, 0, 2, 651.53, 959904, 4
789, 639, 0, 3, 0, 0, 20.00%, 4, 0, 2, 692.74, 963569, 4
794, 641, 0, 3, 0, 0, 20.00%, 4, 0, 2, 726.63, 967231, 4
799, 643, 0, 3, 0, 0, 20.00%, 4, 0, 2, 673.63, 970624, 4
804, 646, 0, 3, 0, 0, 20.00%, 4, 0, 2, 708.12, 974399, 4
809, 647, 0, 3, 0, 0, 20.00%, 4, 0, 2, 622.96, 977550, 4
814, 651, 2, 3, 0, 0, 20.00%, 4, 0, 2, 746.61, 981444, 4
819, 653, 0, 3, 0, 0, 20.00%, 4, 0, 2, 690.53, 984770, 4
824, 656, 0, 3, 0, 0, 20.00%, 4, 0, 2, 735.10, 988572, 4
829, 659, 0, 3, 0, 0, 20.00%, 4, 0, 2, 844.82, 992969, 4
834, 661, 0, 3, 0, 0, 20.00%, 4, 0, 2, 703.33, 996210, 4
839, 663, 0, 3, 0, 0, 20.00%, 4, 0, 2, 742.64, 1000012, 4
845, 666, 0, 3, 0, 0, 20.00%, 4, 0, 2, 783.75, 1004096, 4
850, 669, 0, 3, 0, 0, 20.00%, 4, 0, 2, 809.71, 1008121, 4
855, 672, 0, 3, 0, 0, 20.00%, 4, 0, 2, 859.12, 1012527, 4
860, 674, 0, 3, 0, 0, 20.00%, 4, 0, 2, 803.49, 1016475, 4
865, 677, 0, 3, 0, 0, 20.00%, 4, 0, 2, 775.54, 1020516, 4
870, 680, 0, 3, 0, 0, 20.00%, 4, 0, 2, 780.23, 1024515, 4
875, 683, 0, 3, 0, 0, 20.00%, 4, 0, 2, 807.92, 1028793, 4
880, 686, 0, 3, 0, 0, 20.00%, 4, 0, 2, 801.79, 1032869, 4
885, 689, 0, 3, 0, 0, 20.00%, 4, 0, 2, 825.64, 1037035, 4
890, 692, 0, 3, 0, 0, 20.00%, 4, 0, 2, 819.70, 1041078, 4
896, 695, 0, 3, 0, 0, 20.00%, 4, 0, 2, 807.93, 1045025, 4
901, 698, 0, 3, 0, 0, 20.00%, 4, 0, 2, 774.92, 1048995, 4
906, 700, 0, 3, 0, 0, 20.00%, 4, 0, 2, 692.71, 1052371, 4
911, 704, 0, 3, 0, 0, 20.00%, 4, 0, 2, 816.26, 1057007, 4
916, 706, 0, 3, 0, 0, 20.00%, 4, 0, 2, 712.63, 1060358, 4
921, 709, 0, 3, 0, 0, 20.00%, 4, 0, 2, 912.26, 1065075, 4
926, 711, 0, 3, 0, 0, 20.00%, 4, 0, 2, 747.58, 1068564, 4
932, 714, 0, 3, 0, 0, 20.00%, 4, 0, 2, 695.70, 1072135, 4
937, 716, 0, 3, 0, 0, 20.00%, 4, 0, 2, 747.43, 1076118, 4
942, 721, 0, 3, 0, 0, 20.00%, 4, 0, 2, 879.25, 1080780, 4
947, 723, 0, 3, 0, 0, 20.00%, 4, 0, 2, 709.18, 1084250, 4
952, 725, 0, 3, 0, 0, 20.00%, 4, 0, 2, 760.17, 1088158, 4
957, 728, 0, 3, 0, 0, 20.00%, 4, 0, 2, 792.96, 1092275, 4
962, 730, 0, 3, 0, 0, 20.00%, 4, 0, 2, 725.66, 1095806, 4
967, 732, 0, 3, 0, 0, 20.00%, 4, 0, 2, 697.08, 1099330, 4
972, 734, 0, 3, 0, 0, 20.00%, 4, 0, 2, 778.76, 1103337, 4
977, 736, 0, 3, 0, 0, 20.00%, 4, 0, 2, 758.34, 1107086, 4
982, 738, 0, 3, 0, 0, 20.00%, 4, 0, 2, 824.32, 1111271, 4
987, 741, 0, 3, 0, 0, 20.00%, 4, 0, 2, 786.63, 1115186, 4
993, 743, 0, 3, 0, 0, 20.00%, 4, 0, 2, 769.41, 1118941, 4
998, 745, 0, 3, 0, 0, 20.00%, 4, 0, 2, 711.77, 1122377, 4
1003, 748, 0, 3, 0, 0, 20.00%, 4, 0, 2, 738.35, 1126593, 4
1008, 751, 0, 3, 0, 0, 20.00%, 4, 0, 2, 714.98, 1130225, 4
1013, 753, 0, 3, 0, 0, 20.00%, 4, 0, 2, 684.50, 1133605, 4
1018, 754, 0, 3, 0, 0, 20.00%, 4, 0, 2, 614.95, 1136754, 4
1023, 757, 0, 3, 0, 0, 20.00%, 4, 0, 2, 730.90, 1140653, 4
1029, 760, 1, 3, 0, 0, 20.00%, 4, 0, 2, 697.08, 1144427, 4
1034, 764, 0, 3, 0, 0, 20.00%, 4, 0, 2, 742.09, 1148444, 4
1039, 766, 0, 3, 0, 0, 20.00%, 4, 0, 2, 721.26, 1151958, 4
1044, 769, 0, 3, 0, 0, 20.00%, 4, 0, 2, 677.39, 1155438, 4
1049, 772, 0, 3, 0, 0, 20.00%, 4, 0, 2, 651.63, 1158936, 4
1054, 774, 0, 3, 0, 0, 20.00%, 4, 0, 2, 660.30, 1162272, 4
1059, 777, 0, 3, 0, 0, 20.00%, 4, 0, 2, 676.93, 1165931, 4
1065, 779, 0, 3, 0, 0, 20.00%, 4, 0, 2, 654.12, 1169235, 4
1070, 782, 0, 3, 0, 0, 20.00%, 4, 0, 2, 665.15, 1172706, 4
1075, 784, 0, 3, 0, 0, 20.00%, 4, 0, 2, 642.81, 1176102, 4
1080, 786, 0, 3, 0, 0, 20.00%, 4, 0, 2, 564.17, 1178704, 4
1085, 787, 2, 3, 0, 0, 20.00%, 4, 0, 2, 637.36, 1181775, 4
1090, 790, 0, 3, 0, 0, 20.00%, 4, 0, 2, 649.60, 1185387, 4
1095, 791, 0, 3, 0, 0, 20.00%, 4, 0, 2, 554.13, 1188073, 4
1100, 793, 0, 3, 0, 0, 20.00%, 4, 0, 2, 610.95, 1191282, 4
1105, 796, 0, 3, 0, 0, 20.00%, 4, 0, 2, 643.73, 1194721, 4
1110, 798, 0, 3, 0, 0, 20.00%, 4, 0, 2, 662.97, 1198032, 4
1115, 800, 0, 3, 0, 0, 20.00%, 4, 0, 2, 628.95, 1201098, 4
1120, 802, 0, 3, 0, 0, 20.00%, 4, 0, 2, 687.62, 1204504, 4
1126, 804, 0, 3, 0, 0, 20.00%, 4, 0, 2, 657.14, 1207701, 4
1131, 807, 0, 3, 0, 0, 20.00%, 4, 0, 2, 751.62, 1211724, 4
1136, 809, 0, 3, 0, 0, 20.00%, 4, 0, 2, 639.63, 1214964, 4
1141, 811, 0, 3, 0, 0, 20.00%, 4, 0, 2, 639.68, 1218147, 4
1146, 812, 0, 3, 0, 0, 20.00%, 4, 0, 2, 633.04, 1221592, 4
1151, 815, 0, 3, 0, 0, 20.00%, 4, 0, 2, 626.87, 1224828, 4
1156, 817, 0, 3, 0, 0, 20.00%, 4, 0, 2, 696.99, 1228556, 4
1162, 820, 0, 3, 0, 0, 20.00%, 4, 0, 2, 655.39, 1231890, 4
1167, 821, 0, 3, 0, 0, 20.00%, 4, 0, 2, 607.15, 1235082, 4
1172, 825, 0, 3, 0, 0, 20.00%, 4, 0, 2, 663.24, 1238658, 4
1177, 827, 0, 3, 0, 0, 20.00%, 4, 0, 2, 715.23, 1242154, 4
1182, 830, 0, 3, 0, 0, 20.00%, 4, 0, 2, 754.97, 1245837, 4
1187, 832, 0, 3, 0, 0, 20.00%, 4, 0, 2, 675.77, 1249243, 4
1192, 834, 0, 3, 0, 0, 20.00%, 4, 0, 2, 631.24, 1252554, 4
1197, 836, 0, 3, 0, 0, 20.00%, 4, 0, 2, 550.73, 1255258, 4
1202, 838, 0, 3, 0, 0, 20.00%, 4, 0, 2, 584.66, 1258472, 4
1207, 839, 0, 3, 0, 0, 20.00%, 4, 0, 2, 580.57, 1261498, 4
1212, 842, 2, 3, 0, 0, 20.00%, 4, 0, 2, 641.21, 1264650, 4
1217, 844, 0, 3, 0, 0, 20.00%, 4, 0, 2, 633.08, 1267722, 4
1223, 845, 0, 3, 0, 0, 20.00%, 4, 0, 2, 552.02, 1270471, 4
1228, 847, 0, 3, 0, 0, 20.00%, 4, 0, 2, 597.28, 1273622, 4
1233, 850, 0, 3, 0, 0, 20.00%, 4, 0, 2, 741.34, 1277573, 4
1238, 852, 0, 3, 0, 0, 20.00%, 4, 0, 2, 692.59, 1280927, 4
1243, 854, 0, 3, 0, 0, 20.00%, 4, 0, 2, 659.74, 1284237, 4
1248, 856, 0, 3, 0, 0, 20.00%, 4, 0, 2, 660.44, 1287688, 4
1253, 858, 0, 3, 0, 0, 20.00%, 4, 0, 2, 620.38, 1290981, 4
1257, 860, 0, 3, 0, 0, 20.00%, 4, 0, 2, 665.45, 1293371, 4
